H     0
S    3   1.00
     13.0107010              0.19682158D-01
      1.9622572              0.13796524
      0.44453796             0.47831935
S    1   1.00
      0.12194962             1.0000000
P    1   1.00
      0.8000000              1.0000000
****
C     0
S    5   1.00
   1238.4016938              0.54568832082D-02
    186.29004992             0.40638409211D-01
     42.251176346            0.18025593888
     11.676557932            0.46315121755
      3.5930506482           0.44087173314
S    1   1.00
      0.40245147363          1.0000000
S    1   1.00
      0.13090182668          1.0000000
P    3   1.00
      9.4680970621           0.38387871728D-01
      2.0103545142           0.21117025112
      0.54771004707          0.51328172114
P    1   1.00
      0.15268613795          1.0000000
D    1   1.00
      0.8000000              1.0000000
****
N     0
S    5   1.00
   1712.8415853             -0.53934125305D-02
    257.64812677            -0.40221581118D-01
     58.458245853           -0.17931144990
     16.198367905           -0.46376317823
      5.0052600809          -0.44171422662
S    1   1.00
      0.58731856571          1.0000000
S    1   1.00
      0.18764592253          1.0000000
P    3   1.00
     13.571470233           -0.40072398852D-01
      2.9257372874          -0.21807045028
      0.79927750754         -0.51294466049
P    1   1.00
      0.21954348034          1.0000000
D    1   1.00
      1.0000000              1.0000000
****
O     0
S    5   1.00
   2266.1767785             -0.53431809926D-02
    340.87010191            -0.39890039230D-01
     77.363135167           -0.17853911985
     21.479644940           -0.46427684959
      6.6589433124          -0.44309745172
S    1   1.00
      0.80975975668          1.0000000
S    1   1.00
      0.25530772234          1.0000000
P    3   1.00
     17.721504317            0.43394573193D-01
      3.8635505440           0.23094120765
      1.0480920883           0.51375311064
P    1   1.00
      0.27641544411          1.0000000
D    1   1.00
      1.2000000              1.0000000
****
F     0
S    5   1.00
   2894.8325990             -0.53408255515D-02
    435.41939120            -0.39904258866D-01
     98.843328866           -0.17912768038
     27.485198001           -0.46758090825
      8.5405498171          -0.44653131020
S    1   1.00
      1.0654578038           1.0000000
S    1   1.00
      0.33247346748          1.0000000
P    3   1.00
     22.696633924           -0.45212874436D-01
      4.9872339257          -0.23754317067
      1.3491613954          -0.51287353587
P    1   1.00
      0.34829881977          1.0000000
D    1   1.00
      1.4000000              1.0000000
****
S     0
S    5   1.00
   9184.9303010             -0.22294387756D-02
   1381.5105503             -0.16683029937D-01
    313.87147580            -0.75262436116D-01
     88.053870623           -0.19376827038
     27.039914905           -0.17718020803
S    3   1.00
     45.648731303           -0.10736062573
      4.9664522326           0.65066293018
      2.0116242047           0.59712155354
S    1   1.00
      0.35661077013          1.0000000
S    1   1.00
      0.13507221477          1.0000000
P    5   1.00
    261.98233439            -0.92729929822D-02
     61.306894736           -0.66547669241D-01
     19.103729887           -0.24828595903
      6.6567720378          -0.48703847402
      2.3959635161          -0.39337850312
P    1   1.00
      0.61776161679          1.0000000
P    1   1.00
      0.16993376871          1.0000000
D    1   1.00
      0.5500000              1.0000000
****
Sc     0
S    8   1.00
 191612.9187400              0.23076475942D-03
  28723.8503630              0.17890329946D-02
   6537.0116490              0.92990401140D-02
   1850.3097171              0.37739438011D-01
    602.38855156             0.12227148359
    216.17324766             0.28814821470
     83.712517880            0.40517543099
     32.908707189            0.20566019623
S    4   1.00
    211.34393234            -0.24527991462D-01
     65.128920139           -0.11570158142
     10.034311535            0.55995283317
      4.1596884597           0.56087765073
S    2   1.00
      6.0009041613          -0.22840494325
      0.98255784150          0.71948970378
S    1   1.00
      0.42483192773          1.0000000
S    1   1.00
      0.77185462096D-01      1.0000000
S    1   1.00
      0.30147219702D-01      1.0000000
P    6   1.00
    947.34122823             0.24737208744D-02
    224.09699732             0.19742967060D-01
     71.560334882            0.90357147549D-01
     26.444824490            0.25201602503
     10.393798285            0.39675535929
      4.1606304559           0.23208624517
P    3   1.00
     15.565737135           -0.27129423974D-01
      2.1121544865           0.55109256629
      0.84184709021          1.0090635806
P    1   1.00
      0.32297542652          1.0000000
P    1   1.00
      0.0897480              1.0000000
D    4   1.00
     30.989390993            0.11902837431D-01
      8.6905465069           0.67655856850D-01
      2.9520256337           0.21332539722
      1.0761910745           0.38391075578
D    1   1.00
      0.38338915095           .43354716259
D    1   1.00
      0.12534686113           .24509263822
D    1   1.00
      0.0410000              1.0000000
F    1   1.00
      0.3450000              1.0000000
****
