H     0
S    3   1.00
     13.0107010              0.19682158D-01
      1.9622572              0.13796524
      0.44453796             0.47831935
S    1   1.00
      0.12194962             1.0000000
P    1   1.00
      0.8000000              1.0000000
****
C     0
S    5   1.00
   1238.4016938              0.54568832082D-02
    186.29004992             0.40638409211D-01
     42.251176346            0.18025593888
     11.676557932            0.46315121755
      3.5930506482           0.44087173314
S    1   1.00
      0.40245147363          1.0000000
S    1   1.00
      0.13090182668          1.0000000
P    3   1.00
      9.4680970621           0.38387871728D-01
      2.0103545142           0.21117025112
      0.54771004707          0.51328172114
P    1   1.00
      0.15268613795          1.0000000
D    1   1.00
      0.8000000              1.0000000
****
O     0
S    5   1.00
   2266.1767785             -0.53431809926D-02
    340.87010191            -0.39890039230D-01
     77.363135167           -0.17853911985
     21.479644940           -0.46427684959
      6.6589433124          -0.44309745172
S    1   1.00
      0.80975975668          1.0000000
S    1   1.00
      0.25530772234          1.0000000
P    3   1.00
     17.721504317            0.43394573193D-01
      3.8635505440           0.23094120765
      1.0480920883           0.51375311064
P    1   1.00
      0.27641544411          1.0000000
D    1   1.00
      1.2000000              1.0000000
****
F     0
S    5   1.00
   2894.8325990             -0.53408255515D-02
    435.41939120            -0.39904258866D-01
     98.843328866           -0.17912768038
     27.485198001           -0.46758090825
      8.5405498171          -0.44653131020
S    1   1.00
      1.0654578038           1.0000000
S    1   1.00
      0.33247346748          1.0000000
P    3   1.00
     22.696633924           -0.45212874436D-01
      4.9872339257          -0.23754317067
      1.3491613954          -0.51287353587
P    1   1.00
      0.34829881977          1.0000000
D    1   1.00
      1.4000000              1.0000000
****
S     0
S    5   1.00
   9184.9303010             -0.22294387756D-02
   1381.5105503             -0.16683029937D-01
    313.87147580            -0.75262436116D-01
     88.053870623           -0.19376827038
     27.039914905           -0.17718020803
S    3   1.00
     45.648731303           -0.10736062573
      4.9664522326           0.65066293018
      2.0116242047           0.59712155354
S    1   1.00
      0.35661077013          1.0000000
S    1   1.00
      0.13507221477          1.0000000
P    5   1.00
    261.98233439            -0.92729929822D-02
     61.306894736           -0.66547669241D-01
     19.103729887           -0.24828595903
      6.6567720378          -0.48703847402
      2.3959635161          -0.39337850312
P    1   1.00
      0.61776161679          1.0000000
P    1   1.00
      0.16993376871          1.0000000
D    1   1.00
      0.5500000              1.0000000
****
Yb     0
S    5   1.00
  91972.903000               0.51000000000D-04
  13787.371000               0.38600000000D-03
   3123.6135000              0.18440000000D-02
    871.47540000             0.53560000000D-02
    250.46300000             0.88590000000D-02
S    1   1.00
     58.282700000            1.0000000
S    1   1.00
     41.630500000            1.0000000
S    1   1.00
     20.216400000            1.0000000
S    1   1.00
      4.9972000000           1.0000000
S    1   1.00
      2.4822000000           1.0000000
S    1   1.00
      0.91790000000          1.0000000
S    1   1.00
      0.38530000000          1.0000000
S    1   1.00
      0.61400000000D-01      1.0000000
S    1   1.00
      0.25000000000D-01      1.0000000
P    3   1.00
     12.274108000           -0.15252141000
     10.695631000           -0.20243492000
      2.0359782000          -0.19621046000
P    6   1.00
   1497.5567000             -0.10182934000D-02
    375.04101000            -0.60919401000D-02
    128.69727000            -0.17077693000D-01
     45.270759000           -0.35655508000D-01
     14.906971000            0.23732226000
      5.6450858000          -0.30559689000
P    1   1.00
      3.6752106000           1.0000000
P    1   1.00
      1.3296961000           1.0000000
P    1   1.00
      0.55338966000          1.0000000
P    1   1.00
      0.22382350000          1.0000000
P    1   1.00
      0.68350467650D-01      1.0000000
P    1   1.00
      0.25355670803D-01      1.0000000
D    6   1.00
    469.76060000             0.19840000000D-02
    142.61280000             0.16013000000D-01
     55.126700000            0.63153000000D-01
     23.441500000            0.13780000000
      9.4951000000           0.28549800000
      4.5792000000           0.43830900000
D    1   1.00
      2.1646000000           1.0000000
D    1   1.00
      0.92380000000          1.0000000
D    1   1.00
      0.31070000000          1.0000000
D    1   1.00
      0.91400000000D-01      1.0000000
F    5   1.00
    142.02930000             0.59570000000D-02
     51.086200000            0.53180000000D-01
     22.874100000            0.17807600000
     10.502500000            0.30060000000
      4.7872000000           0.35034200000
F    1   1.00
      2.1088000000           1.0000000
F    1   1.00
      0.86090000000          1.0000000
F    1   1.00
      0.30600000000          1.0000000
G    1   1.00
      0.51330000000          1.0000000
****

Yb     0
Yb-ECP     5     28
h potential
  1
2      1.00000000             0.00000000
s-h potential
  1
2     32.42448400           891.01377700
p-h potential
  1
2     18.65623200           264.03695300
d-h potential
  1
2     10.49022200            73.92391900
f-h potential
  1
2     20.77418300           -39.59217300
g-h potential
  1
2     28.43102800           -34.63863800
