 C                  1.71560800   -0.20841300   -1.09775100
 C                  1.34643500   -0.18064400    0.31756300
 C                  0.59769700   -0.28425200   -2.03539800
 O                 -0.58114000   -0.56481500   -1.72603400
 O                  0.19920900   -0.09715000    0.78042400
 O                  2.35328900   -0.35811800    1.12815600
 O                  0.91941600   -0.16346200   -3.29743900
 C                  2.08276500   -0.48110500    2.53035100
 C                 -0.13190900   -0.26551100   -4.26886600
 H                  3.02601400   -0.78046800    2.99874000
 H                  1.30542900   -1.24072800    2.69365600
 H                  1.74460800    0.48296800    2.93203100
 H                  0.33546500   -0.08155400   -5.24089700
 H                 -0.90341000    0.48835600   -4.06195000
 H                 -0.57737100   -1.26826000   -4.23966900
 O                 -3.53236400   -0.82264900   -0.91309600
 O                 -2.48119500   -0.44329700    1.80950700
 O                 -0.37686700    2.01264100   -0.97885400
 S                 -0.89793800    2.94157700    0.05942200
 S                 -4.09216200    0.38878600   -1.59139500
 S                 -2.22270000   -1.92266300    1.71530500
 O                 -1.67448700    2.07861400    1.00906400
 O                 -1.50676600    4.17889700   -0.35874300
 O                 -3.01308300    1.41273300   -1.42543400
 O                 -4.69429600    0.23256100   -2.88668800
 O                 -1.57190300   -2.11509000    0.39381900
 O                 -1.62359200   -2.55503300    2.86491600
 C                 -3.92941700   -2.66858000    1.54571600
 C                 -5.40327500    0.95844200   -0.43127400
 C                  0.60738600    3.46389400    0.98754600
 F                 -3.97872700   -3.40524900    0.45490900
 F                 -4.83774900   -1.71505800    1.48332600
 F                 -4.16344700   -3.42661300    2.60030300
 F                 -4.85056700    1.16110900    0.75216200
 F                 -6.33706400    0.03332300   -0.33749600
 F                 -5.92701200    2.08201100   -0.87782000
 F                  1.29505100    2.41479800    1.41254900
 F                  0.25610900    4.20428700    2.01933500
 F                  1.36979700    4.16873500    0.16866700
 C                  4.35862000    0.24021300   -1.06978000
 C                  4.65809300   -1.28182100   -1.26519400
 C                  6.00460900   -1.65997900   -0.78507900
 C                  4.67034200   -1.54282000   -2.72900600
 C                  1.39383000   -2.97259600   -0.55429300
 C                  3.05410700   -3.39329900    1.14168500
 C                  1.71200000   -3.54461800    0.63098300
 H                  0.40290600   -3.07116700   -1.00101700
 H                  3.36024500   -3.86125700    2.07986100
 H                  0.98461300   -4.13835300    1.18703300
 N                  7.09377800   -1.92238700   -0.49421900
 N                  4.67028400   -1.72366600   -3.85710300
 N                  3.63487000   -2.15089300   -0.66041200
 N                  3.96136700   -2.71576000    0.51547600
 C                  2.37144600   -2.13528700   -1.22532800
 H                  2.36603600   -2.09852200   -2.32219800
 C                  2.93430400    0.57390100   -1.58176400
 H                  2.75966400    1.64526600   -1.39511600
 H                  2.95522700    0.46081400   -2.67447200
 Sc                -1.67988200    0.17018300   -0.11378700
 H                  5.01477100    0.72270500   -1.81328300
 C                  4.74643800    0.88298700    0.25731400
 C                  4.68729200    2.28517400    0.30172900
 C                  5.16500300    0.20086400    1.40527100
 C                  5.01639400    2.98524700    1.46207700
 H                  4.38160300    2.84198400   -0.58909700
 C                  5.50726200    0.90118200    2.56586900
 H                  5.19193300   -0.88979300    1.42854400
 C                  5.43011200    2.29356400    2.60316700
 H                  4.95603200    4.07594000    1.47022800
 H                  5.82614400    0.34499400    3.45052400
